381.9 16.0 12.5 1.49 -2.21
680.6 332.3 10.0 0.74 -2.58
334.6 135.3 9.7 3.82 2.85
20.0 337.4 15.2 2.73 3.52
852.3 133.4 11.8 -0.94 4.66
350.8 884.6 10.4 0.81 -4.44
850.6 628.4 6.1 1.90 3.37
767.5 21.5 10.2 0.49 3.04
99.8 627.3 14.0 -2.66 3.17
463.6 641.8 16.3 1.96 2.91
193.0 339.7 5.2 3.77 -2.04
212.4 438.6 18.8 2.43 -4.87
861.9 926.1 19.9 -0.46 -2.99
203.6 567.2 10.0 0.94 -0.17
603.4 703.1 18.8 1.43 -3.37
491.4 250.8 15.5 -2.31 2.40
132.0 186.8 17.5 1.54 3.68
589.1 888.7 12.7 2.60 -2.15
469.4 493.5 11.6 3.76 -1.26
659.6 418.4 17.8 -4.51 -0.20
680.7 173.5 15.9 -3.83 -2.43
810.7 984.1 7.3 4.11 -1.68
256.8 848.2 16.3 2.14 4.40
520.8 670.2 7.7 -3.26 0.46
279.0 849.5 8.6 2.95 0.40
315.2 370.4 9.8 -0.61 1.03
599.0 36.9 12.4 -4.12 -0.33
910.3 983.1 15.1 2.17 1.72
186.3 332.4 9.9 0.26 1.93
163.0 236.1 10.5 2.19 1.92
311.6 601.4 9.2 4.33 -3.48
127.3 399.3 13.5 4.85 0.31
158.5 173.0 16.9 -3.77 -1.35
360.9 455.8 19.0 1.06 2.20
276.0 997.6 18.0 4.07 -2.88
68.9 166.5 16.8 -4.79 3.30
961.9 565.9 7.5 3.26 -0.21
378.5 155.5 15.2 -2.83 0.89
726.3 223.1 10.2 -3.70 -3.72
774.4 525.5 5.6 1.31 -3.99
837.6 264.7 18.2 0.13 1.49
218.0 434.4 8.8 -2.78 2.48
672.9 398.8 18.1 -4.19 2.84
787.0 433.0 15.9 0.96 -4.72
527.7 974.1 14.6 -2.59 -4.78
822.3 926.5 7.3 -3.33 -1.36
336.2 174.0 6.7 -3.49 4.94
513.8 179.3 6.3 -3.67 1.71
826.7 316.4 9.6 -0.50 0.35
874.3 523.8 16.7 -3.13 -4.76
